DBD	TTS	UNK1	RANDOM	UNK2	PVAL	ZSCORE	CIS
4086-4097	4052	22947	2939	37.5	0	29.7	2
4097-4126	4755	22244	3500	41.3	0	30.4	4
4139-4162	6047	20952	4372	45.3	0	37	4
4165-4191	2812	24187	2019	32.4	0	24.4	3
4255-4276	3900	23099	2861	41.2	0	25.2	4
4339-4359	4286	22713	3028	41.2	0	30.5	7
4385-4397	5904	21095	4315	48.1	0	33.1	6
4400-4420	2726	24273	1938	34.1	0	23.1	1
4424-4453	3429	23570	2379	31.8	0	33	5
4453-4482	5981	21018	4447	44.8	0	34.3	54
4606-4658	9035	17964	6627	56.2	0	42.8	13
4668-4688	4660	22339	3287	35.7	0	38.4	7
4691-4722	5317	21682	3670	41.2	0	39.9	7
4722-4741	6000	20999	4446	43.7	0	35.5	4
4817-4870	14829	12170	11866	71.3	0	41.5	43
4882-4943	18916	8083	16120	87.3	0	32	91
4957-4968	3775	23224	2703	36.4	0	29.4	3
